1 1 1
1 2 1
1 3 1
1 4 1
1 5 1
1 6 3
1 7 1
1 8 1
1 9 5
1 10 1
2 11 4
2 12 3
2 13 4
2 14 4
2 15 4
2 16 2
2 17 3
2 18 2
2 19 3
2 20 5
3 21 3
3 22 3
3 23 3
3 24 3
3 25 3
3 26 2
3 27 3
3 28 3
3 29 2
3 30 3
4 21 1
4 31 1
4 32 1
4 33 1
4 34 1
4 35 1
4 36 1
4 37 1
4 38 1
4 39 1
5 40 1
5 41 1
5 42 1
5 43 1
5 44 1
5 45 1
5 46 1
5 29 1
5 47 1
5 48 1
6 49 2
6 50 1
6 51 1
6 52 2
6 53 1
6 54 1
6 55 1
6 56 1
6 57 3
6 58 2
7 59 1
7 60 1
7 61 1
7 62 1
7 63 1
7 64 1
7 65 1
7 66 1
7 67 1
7 68 1
8 69 1
8 70 2
8 71 1
8 72 1
8 73 2
8 74 2
8 75 1
8 57 1
8 66 1
8 76 1
9 77 2
9 78 3
9 22 2
9 79 1
9 80 2
9 81 2
9 82 2
9 83 3
9 84 1
9 85 1
10 86 3
10 87 4
10 88 1
10 89 1
10 90 2
10 91 2
10 92 4
10 38 4
10 93 4
10 94 2
11 95 3
11 49 3
11 96 4
11 97 2
11 98 2
11 99 2
11 100 1
11 101 1
11 102 1
11 103 1
12 104 3
12 105 4
12 106 2
12 50 1
12 107 2
12 108 2
12 109 3
12 110 2
12 111 3
12 112 1
13 113 4
13 114 5
13 115 5
13 116 4
13 117 4
13 118 4
13 119 4
13 120 5
13 8 4
13 121 4
14 122 1
14 123 1
14 124 1
14 125 2
14 119 1
14 7 1
14 126 1
14 127 1
14 45 1
14 128 2
15 11 1
15 129 3
15 130 1
15 131 1
15 52 1
15 132 1
15 133 1
15 134 1
15 135 1
15 136 1
16 137 4
16 138 2
16 139 4
16 80 3
16 140 3
16 141 2
16 142 3
16 143 3
16 144 2
16 145 4
17 146 4
17 147 1
17 148 1
17 149 1
17 150 3
17 151 1
17 152 2
17 153 2
17 108 1
17 154 1
18 155 1
18 156 4
18 157 1
18 158 4
18 159 4
18 160 1
18 161 3
18 162 1
18 163 1
18 164 4
19 165 1
19 166 2
19 167 2
19 168 2
19 169 2
19 170 2
19 171 2
19 172 2
19 173 2
19 174 2
20 59 2
20 175 1
20 176 2
20 177 2
20 178 1
20 179 1
20 180 2
20 181 1
20 182 1
20 183 3
21 184 1
21 185 1
21 186 2
21 187 3
21 91 1
21 188 2
21 189 2
21 144 1
21 190 2
21 76 2
22 191 2
22 122 1
22 192 2
22 123 1
22 193 2
22 194 1
22 195 1
22 196 3
22 190 1
22 197 1
23 59 1
23 198 4
23 199 3
23 162 3
23 200 1
23 201 1
23 102 1
23 48 1
23 202 5
23 203 4
24 204 2
24 205 2
24 206 4
24 207 3
24 208 4
24 209 2
24 210 3
24 196 1
24 211 2
24 212 2
25 166 3
25 213 3
25 27 4
25 214 3
25 215 3
25 216 3
25 217 3
25 38 3
25 218 3
25 219 3
26 220 1
26 221 4
26 222 1
26 223 1
26 224 5
26 225 3
26 226 1
26 209 2
26 227 2
26 228 1
27 229 3
27 230 4
27 231 3
27 232 4
27 233 3
27 234 2
27 235 2
27 236 5
27 102 1
27 237 2
28 238 4
28 239 5
28 240 2
28 241 2
28 242 4
28 243 3
28 244 2
28 245 1
28 246 2
28 247 1
29 248 3
29 249 2
29 250 4
29 251 3
29 252 3
29 225 2
29 253 2
29 254 4
29 163 2
29 255 1
30 256 1
30 23 2
30 257 5
30 258 2
30 259 3
30 260 1
30 261 4
30 241 1
30 262 1
30 263 1
31 231 1
31 264 2
31 91 1
31 44 1
31 265 1
31 266 4
31 267 1
31 268 1
31 269 1
31 270 1
32 271 1
32 138 1
32 272 1
32 273 1
32 274 1
32 275 1
32 228 2
32 276 1
32 277 3
32 278 1
33 279 2
33 280 3
33 79 3
33 281 2
33 282 3
33 44 1
33 283 1
33 18 2
33 284 4
33 212 3
34 285 3
34 11 3
34 286 3
34 287 2
34 288 2
34 82 3
34 289 2
34 290 2
34 291 3
34 10 2
35 292 2
35 293 3
35 294 3
35 295 1
35 176 3
35 296 1
35 297 3
35 298 3
35 299 2
35 92 2
36 95 2
36 300 4
36 301 2
36 257 1
36 302 1
36 303 4
36 244 2
36 208 1
36 180 1
36 304 1
37 305 1
37 306 2
37 307 1
37 308 1
37 309 1
37 142 1
37 310 1
37 211 1
37 311 1
37 312 2
38 165 4
38 313 5
38 314 3
38 129 1
38 315 1
38 187 2
38 316 1
38 317 1
38 318 3
38 277 4
39 139 3
39 204 1
39 319 1
39 320 1
39 289 3
39 161 2
39 321 2
39 66 2
39 10 1
39 322 1
40 106 1
40 323 2
40 324 2
40 325 1
40 133 3
40 326 1
40 216 1
40 163 1
40 217 1
40 327 2
41 86 2
41 328 1
41 305 1
41 329 1
41 295 2
41 330 1
41 331 1
41 332 2
41 136 1
41 333 1
42 334 1
42 77 1
42 23 1
42 5 1
42 335 1
42 130 1
42 336 1
42 171 1
42 337 2
42 197 1
43 113 1
43 78 2
43 338 3
43 234 4
43 339 1
43 340 1
43 57 2
43 341 1
43 342 1
43 343 1
44 184 1
44 204 1
44 344 1
44 345 5
44 207 2
44 346 3
44 318 5
44 310 1
44 347 2
44 348 2
45 349 1
45 350 1
45 351 1
45 352 1
45 353 1
45 354 1
45 355 1
45 356 2
45 357 2
45 100 1
46 358 1
46 14 1
46 359 5
46 360 2
46 169 2
46 361 1
46 362 4
46 363 5
46 110 4
46 364 3
47 22 1
47 365 1
47 366 2
47 367 1
47 368 1
47 369 3
47 268 1
47 217 2
47 183 1
47 370 1
48 371 2
48 372 1
48 373 2
48 374 2
48 360 2
48 264 2
48 375 2
48 267 2
48 376 2
48 377 2
49 378 1
49 379 1
49 380 1
49 157 1
49 98 1
49 381 1
49 273 2
49 382 3
49 383 1
49 384 3
50 385 3
50 386 1
50 387 1
50 124 1
50 388 1
50 241 1
50 363 2
50 389 3
50 348 2
50 112 1
51 390 3
51 324 2
51 391 1
51 392 1
51 393 1
51 244 1
51 180 1
51 394 1
51 93 3
51 395 1
52 379 1
52 396 1
52 397 1
52 87 1
52 398 1
52 399 1
52 400 2
52 401 1
52 402 4
52 237 1
53 155 2
53 238 2
53 50 1
53 403 1
53 404 1
53 7 1
53 208 1
53 274 3
53 275 1
53 405 2
54 349 2
54 406 3
54 407 2
54 408 2
54 409 2
54 410 3
54 72 2
54 411 1
54 412 2
54 333 2
55 323 1
55 413 1
55 414 1
55 415 5
55 416 1
55 417 1
55 418 3
55 419 4
55 420 3
55 136 3
56 421 1
56 422 1
56 423 1
56 391 1
56 296 1
56 424 1
56 82 2
56 425 1
56 135 1
56 284 1
57 426 1
57 427 3
57 428 1
57 289 1
57 429 3
57 430 3
57 431 1
57 432 1
57 267 3
57 433 3
58 105 2
58 434 2
58 175 2
58 118 2
58 317 2
58 435 2
58 46 2
58 436 2
58 364 2
58 437 2
59 272 1
59 33 1
59 438 3
59 15 1
59 119 1
59 363 1
59 9 1
59 189 1
59 439 1
59 10 1
60 379 1
60 440 1
60 388 1
60 179 1
60 207 1
60 441 1
60 361 1
60 442 1
60 290 1
60 348 1
61 443 4
61 444 3
61 239 3
61 13 3
61 89 5
61 445 2
61 19 3
61 446 2
61 337 1
61 278 2
62 447 2
62 448 2
62 449 3
62 25 3
62 306 2
62 450 2
62 451 2
62 436 2
62 452 2
62 337 1
63 453 1
63 175 1
63 454 2
63 13 2
63 261 3
63 109 2
63 273 1
63 455 3
63 456 2
63 47 3
64 457 2
64 415 2
64 264 2
64 458 2
64 459 3
64 460 2
64 254 2
64 461 2
64 462 1
64 463 2
65 285 1
65 464 1
65 465 1
65 427 1
65 466 1
65 8 1
65 346 1
65 356 1
65 348 1
65 467 1
66 468 2
66 117 3
66 469 4
66 470 3
66 471 4
66 180 2
66 200 2
66 19 1
66 472 3
66 101 3
67 473 1
67 324 1
67 474 1
67 475 1
67 84 1
67 310 3
67 377 1
67 476 3
67 284 1
67 477 3
68 478 2
68 96 2
68 423 2
68 232 2
68 479 3
68 480 1
68 481 1
68 482 2
68 483 3
68 484 1
69 485 5
69 330 5
69 153 4
69 131 4
69 82 5
69 486 4
69 487 4
69 488 4
69 247 3
69 218 5
70 448 1
70 489 1
70 375 1
70 382 1
70 110 1
70 357 1
70 490 1
70 491 1
70 154 1
70 492 1
71 493 1
71 325 1
71 494 2
71 375 1
71 208 1
71 495 1
71 73 1
71 496 2
71 497 1
71 498 1
72 499 2
72 69 2
72 500 2
72 11 2
72 198 3
72 167 3
72 501 4
72 502 3
72 503 2
72 364 4
73 504 2
73 505 1
73 506 5
73 225 3
73 507 4
73 435 2
73 508 2
73 509 3
73 111 2
73 510 3
74 49 1
74 113 1
74 449 1
74 511 1
74 512 1
74 176 1
74 513 1
74 514 3
74 509 1
74 510 1
75 449 2
75 515 3
75 469 4
75 51 2
75 516 3
75 125 3
75 34 3
75 7 2
75 377 2
75 135 2
76 385 1
76 239 2
76 517 1
76 518 1
76 519 1
76 520 1
76 521 1
76 160 1
76 161 1
76 211 1
77 522 1
77 96 4
77 523 2
77 524 1
77 108 4
77 428 3
77 525 4
77 526 2
77 527 1
77 528 3
78 447 1
78 529 1
78 193 1
78 530 1
78 531 1
78 31 3
78 532 4
78 416 2
78 495 3
78 533 1
79 534 1
79 307 1
79 297 1
79 535 1
79 536 1
79 411 1
79 210 1
79 537 3
79 37 1
79 538 1
80 539 3
80 374 1
80 87 1
80 366 2
80 540 2
80 541 1
80 542 1
80 543 2
80 19 1
80 544 1
81 198 1
81 232 1
81 261 3
81 545 1
81 546 1
81 547 2
81 121 1
81 488 2
81 477 1
81 498 1
82 114 1
82 548 4
82 295 1
82 14 1
82 387 1
82 224 1
82 549 1
82 550 2
82 173 2
82 551 1
83 552 2
83 449 1
83 406 1
83 553 4
83 52 1
83 63 2
83 554 1
83 555 2
83 556 1
83 377 2
84 557 4
84 372 2
84 248 2
84 40 2
84 397 2
84 346 1
84 558 2
84 559 2
84 525 1
84 376 1
85 560 3
85 175 5
85 561 2
85 532 5
85 281 2
85 351 2
85 471 1
85 550 3
85 30 4
85 85 1
86 198 2
86 295 1
86 562 1
86 469 2
86 387 2
86 33 3
86 563 1
86 460 2
86 102 2
86 218 3
87 21 2
87 564 1
87 565 2
87 513 2
87 566 2
87 567 2
87 568 3
87 569 2
87 476 3
87 461 3
88 570 2
88 328 2
88 571 4
88 422 2
88 572 1
88 573 4
88 288 1
88 574 1
88 575 1
88 576 1
89 577 1
89 422 1
89 578 1
89 107 1
89 41 1
89 579 1
89 580 2
89 401 1
89 581 1
89 341 1
90 294 1
90 403 5
90 582 3
90 141 3
90 583 2
90 584 4
90 585 4
90 586 4
90 418 1
90 461 2
91 587 1
91 529 1
91 588 1
91 351 1
91 320 1
91 589 1
91 159 2
91 441 1
91 590 1
91 581 1
92 156 3
92 231 1
92 591 2
92 592 4
92 282 3
92 593 1
92 594 2
92 43 2
92 100 2
92 341 1
93 166 1
93 595 2
93 96 4
93 596 4
93 597 3
93 598 4
93 599 3
93 92 1
93 432 1
93 270 1
94 557 1
94 113 1
94 500 1
94 229 1
94 24 1
94 600 1
94 153 1
94 561 1
94 382 2
94 601 1
95 166 1
95 602 1
95 96 2
95 603 1
95 387 1
95 604 3
95 264 1
95 605 1
95 308 1
95 492 2
96 191 1
96 606 1
96 505 1
96 524 1
96 542 3
96 297 1
96 321 1
96 110 1
96 607 1
96 608 1
97 609 1
97 249 1
97 610 1
97 611 1
97 612 1
97 613 1
97 235 1
97 614 1
97 615 1
97 174 1
98 500 2
98 358 1
98 26 1
98 616 1
98 540 3
98 617 1
98 554 2
98 267 1
98 75 1
98 618 2
99 619 1
99 620 1
99 242 2
99 621 2
99 622 1
99 623 1
99 17 1
99 430 1
99 624 2
99 66 1
100 609 4
100 79 3
100 214 2
100 506 3
100 625 2
100 626 3
100 64 3
100 255 1
100 627 4
100 190 3